memory_initialization_radix=2;
memory_initialization_vector=
000000000000000000000000,
010100001100000101010100,
101110001100000000000000,
010100010000000011001000,
010010000100001000000010,
111110000000000000000111,
110000000000000000001111,
010100000100000111110100,
010010000100001000000010,
111110000000000000001011,
110000000000000000000100,
010100001000010111110100,
010010001000010000000010,
111110000000000000001100,
110000000000000000001000,
001110001100000000110000,
110000000000000000000010;